(kicad_pcb (version 20171130) (host pcbnew "(5.0.2)-1")

  (general
    (thickness 1.6)
    (drawings 8)
    (tracks 0)
    (zones 0)
    (modules 59)
    (nets 197)
  )

  (page A4)
  (layers
    (0 F.Cu signal)
    (31 B.Cu signal)
    (36 B.SilkS user)
    (37 F.SilkS user)
    (38 B.Mask user)
    (39 F.Mask user)
    (40 Dwgs.User user)
    (41 Cmts.User user)
    (42 Eco1.User user)
    (43 Eco2.User user)
    (44 Edge.Cuts user)
    (45 Margin user)
    (46 B.CrtYd user)
    (47 F.CrtYd user)
    (48 B.Fab user)
    (49 F.Fab user)
  )

  (setup
    (last_trace_width 0.25)
    (trace_clearance 0.2)
    (zone_clearance 0.508)
    (zone_45_only no)
    (trace_min 0.2)
    (segment_width 0.2)
    (edge_width 0.15)
    (via_size 0.8)
    (via_drill 0.4)
    (via_min_size 0.4)
    (via_min_drill 0.3)
    (uvia_size 0.3)
    (uvia_drill 0.1)
    (uvias_allowed no)
    (uvia_min_size 0.2)
    (uvia_min_drill 0.1)
    (pcb_text_width 0.3)
    (pcb_text_size 1.5 1.5)
    (mod_edge_width 0.15)
    (mod_text_size 1 1)
    (mod_text_width 0.15)
    (pad_size 1.524 1.524)
    (pad_drill 0.762)
    (pad_to_mask_clearance 0.051)
    (solder_mask_min_width 0.25)
    (aux_axis_origin 0 0)
    (grid_origin 50.8 50.8)
    (visible_elements 7FFFF7FF)
    (pcbplotparams
      (layerselection 0x010fc_ffffffff)
      (usegerberextensions false)
      (usegerberattributes false)
      (usegerberadvancedattributes false)
      (creategerberjobfile false)
      (excludeedgelayer true)
      (linewidth 0.100000)
      (plotframeref false)
      (viasonmask false)
      (mode 1)
      (useauxorigin false)
      (hpglpennumber 1)
      (hpglpenspeed 20)
      (hpglpendiameter 15.000000)
      (psnegative false)
      (psa4output false)
      (plotreference true)
      (plotvalue true)
      (plotinvisibletext false)
      (padsonsilk false)
      (subtractmaskfromsilk false)
      (outputformat 1)
      (mirror false)
      (drillshape 1)
      (scaleselection 1)
      (outputdirectory ""))
  )

  (net 0 "")
  (net 1 /X18)
  (net 2 /X20)
  (net 3 /X11)
  (net 4 /X17)
  (net 5 /X13)
  (net 6 /X16)
  (net 7 /X10)
  (net 8 /X15)
  (net 9 /X9)
  (net 10 /X8)
  (net 11 /X19)
  (net 12 /X21)
  (net 13 /X12)
  (net 14 /X28)
  (net 15 /X14)
  (net 16 /X26)
  (net 17 /X7)
  (net 18 /X27)
  (net 19 /X5)
  (net 20 /X25)
  (net 21 /X6)
  (net 22 /X24)
  (net 23 /X4)
  (net 24 /X23)
  (net 25 /X3)
  (net 26 /X22)
  (net 27 /X2)
  (net 28 /X1)
  (net 29 /SY1)
  (net 30 /SY2)
  (net 31 /SY3)
  (net 32 /SY4)
  (net 33 /SY5)
  (net 34 /SY6)
  (net 35 /SY7)
  (net 36 /SY8)
  (net 37 /SY9)
  (net 38 /SY10)
  (net 39 /SY11)
  (net 40 /SY12)
  (net 41 /SY13)
  (net 42 /SY14)
  (net 43 /SY15)
  (net 44 /SY16)
  (net 45 /SY17)
  (net 46 /SY18)
  (net 47 /SY19)
  (net 48 /SY20)
  (net 49 /SY21)
  (net 50 /SY22)
  (net 51 /SY23)
  (net 52 /SY24)
  (net 53 /SY25)
  (net 54 /SY26)
  (net 55 /SY27)
  (net 56 /SY28)
  (net 57 VCC)
  (net 58 GND)
  (net 59 +24V)
  (net 60 /UnitY/A2)
  (net 61 /UnitY/A0)
  (net 62 /UnitY/A1)
  (net 63 /UnitY/DATA)
  (net 64 /UnitY/EN)
  (net 65 /UnitY/B0)
  (net 66 /UnitY/B1)
  (net 67 /UnitY/00L)
  (net 68 /UnitY/00H)
  (net 69 /UnitY/10L)
  (net 70 /UnitY/10H)
  (net 71 /UnitY/20L)
  (net 72 /UnitY/20H)
  (net 73 /UnitY/30L)
  (net 74 /UnitY/30H)
  (net 75 /UnitY/E0L)
  (net 76 /UnitY/E0H)
  (net 77 /UnitY/E1L)
  (net 78 /UnitY/E1H)
  (net 79 /UnitY/E2L)
  (net 80 /UnitY/E2H)
  (net 81 /UnitY/E3L)
  (net 82 /UnitY/E3H)
  (net 83 /UnitY/Group0/YL7)
  (net 84 /UnitY/Group0/YL6)
  (net 85 /UnitY/Group0/YL5)
  (net 86 /UnitY/Group0/YL4)
  (net 87 /UnitY/Group0/YL3)
  (net 88 /UnitY/Group0/YL2)
  (net 89 /UnitY/Group0/YL1)
  (net 90 /UnitY/Group0/YL0)
  (net 91 /UnitY/Group0/YH0)
  (net 92 /UnitY/Group0/YH1)
  (net 93 /UnitY/Group0/YH2)
  (net 94 /UnitY/Group0/YH3)
  (net 95 /UnitY/Group0/YH4)
  (net 96 /UnitY/Group0/YH5)
  (net 97 /UnitY/Group0/YH6)
  (net 98 /UnitY/Group0/YH7)
  (net 99 /UnitY/Group1/YL7)
  (net 100 /UnitY/Group1/YL6)
  (net 101 /UnitY/Group1/YL5)
  (net 102 /UnitY/Group1/YL4)
  (net 103 /UnitY/Group1/YL3)
  (net 104 /UnitY/Group1/YL2)
  (net 105 /UnitY/Group1/YL1)
  (net 106 /UnitY/Group1/YL0)
  (net 107 /UnitY/Group1/YH0)
  (net 108 /UnitY/Group1/YH1)
  (net 109 /UnitY/Group1/YH2)
  (net 110 /UnitY/Group1/YH3)
  (net 111 /UnitY/Group1/YH4)
  (net 112 /UnitY/Group1/YH5)
  (net 113 /UnitY/Group1/YH6)
  (net 114 /UnitY/Group1/YH7)
  (net 115 /UnitY/Group2/YL7)
  (net 116 /UnitY/Group2/YL6)
  (net 117 /UnitY/Group2/YL5)
  (net 118 /UnitY/Group2/YL4)
  (net 119 /UnitY/Group2/YL3)
  (net 120 /UnitY/Group2/YL2)
  (net 121 /UnitY/Group2/YL1)
  (net 122 /UnitY/Group2/YL0)
  (net 123 /UnitY/Group2/YH0)
  (net 124 /UnitY/Group2/YH1)
  (net 125 /UnitY/Group2/YH2)
  (net 126 /UnitY/Group2/YH3)
  (net 127 /UnitY/Group2/YH4)
  (net 128 /UnitY/Group2/YH5)
  (net 129 /UnitY/Group2/YH6)
  (net 130 /UnitY/Group2/YH7)
  (net 131 /UnitY/Group3/YL0)
  (net 132 /UnitY/Group3/YL1)
  (net 133 /UnitY/Group3/YL2)
  (net 134 /UnitY/Group3/YL3)
  (net 135 /UnitY/Group3/YL4)
  (net 136 /UnitY/Group3/YL5)
  (net 137 /UnitY/Group3/YL6)
  (net 138 /UnitY/Group3/YL7)
  (net 139 /UnitY/Group3/YH7)
  (net 140 /UnitY/Group3/YH6)
  (net 141 /UnitY/Group3/YH5)
  (net 142 /UnitY/Group3/YH4)
  (net 143 /UnitY/Group3/YH3)
  (net 144 /UnitY/Group3/YH2)
  (net 145 /UnitY/Group3/YH1)
  (net 146 /UnitY/Group3/YH0)
  (net 147 "Net-(BRDIC1-Pad2)")
  (net 148 "Net-(BRDIC1-Pad11)")
  (net 149 "Net-(BRDIC1-Pad14)")
  (net 150 "Net-(BRDIC1-Pad31)")
  (net 151 "Net-(BRDIC1-Pad33)")
  (net 152 "Net-(BRDIC1-Pad34)")
  (net 153 "Net-(BROSE20-Pad17)")
  (net 154 "Net-(BROSE20-Pad18)")
  (net 155 "Net-(BROSE20-Pad19)")
  (net 156 "Net-(BROSE20-Pad20)")
  (net 157 "Net-(BROSE34-Pad34)")
  (net 158 "Net-(BROSE34-Pad33)")
  (net 159 "Net-(BROSE34-Pad18)")
  (net 160 "Net-(BROSE34-Pad17)")
  (net 161 "Net-(BROSE34-Pad16)")
  (net 162 "Net-(BROSE34-Pad15)")
  (net 163 "Net-(BROSE34-Pad14)")
  (net 164 "Net-(BROSE34-Pad13)")
  (net 165 "Net-(BROSE34-Pad12)")
  (net 166 "Net-(BROSE34-Pad11)")
  (net 167 "Net-(BROSE34-Pad10)")
  (net 168 "Net-(BROSE34-Pad9)")
  (net 169 "Net-(BROSE34-Pad8)")
  (net 170 "Net-(BROSE34-Pad7)")
  (net 171 "Net-(BROSE34-Pad6)")
  (net 172 "Net-(BROSE34-Pad5)")
  (net 173 "Net-(BROSE34-Pad4)")
  (net 174 "Net-(BROSE34-Pad3)")
  (net 175 "Net-(BROSE34-Pad2)")
  (net 176 "Net-(BROSE34-Pad1)")
  (net 177 "Net-(BROSE60-Pad41)")
  (net 178 "Net-(BROSE60-Pad42)")
  (net 179 "Net-(BROSE60-Pad43)")
  (net 180 "Net-(BROSE60-Pad44)")
  (net 181 "Net-(BROSE60-Pad45)")
  (net 182 "Net-(BROSE60-Pad46)")
  (net 183 "Net-(BROSE60-Pad47)")
  (net 184 "Net-(BROSE60-Pad48)")
  (net 185 "Net-(BROSE60-Pad49)")
  (net 186 "Net-(BROSE60-Pad50)")
  (net 187 "Net-(BROSE60-Pad51)")
  (net 188 "Net-(BROSE60-Pad52)")
  (net 189 "Net-(BROSE60-Pad53)")
  (net 190 "Net-(BROSE60-Pad54)")
  (net 191 "Net-(BROSE60-Pad55)")
  (net 192 "Net-(BROSE60-Pad56)")
  (net 193 "Net-(BROSE60-Pad57)")
  (net 194 "Net-(BROSE60-Pad58)")
  (net 195 "Net-(BROSE60-Pad59)")
  (net 196 "Net-(BROSE60-Pad60)")

  (net_class Default "Dies ist die voreingestellte Netzklasse."
    (clearance 0.2)
    (trace_width 0.25)
    (via_dia 0.8)
    (via_drill 0.4)
    (uvia_dia 0.3)
    (uvia_drill 0.1)
    (add_net /UnitY/00H)
    (add_net /UnitY/00L)
    (add_net /UnitY/10H)
    (add_net /UnitY/10L)
    (add_net /UnitY/20H)
    (add_net /UnitY/20L)
    (add_net /UnitY/30H)
    (add_net /UnitY/30L)
    (add_net /UnitY/A0)
    (add_net /UnitY/A1)
    (add_net /UnitY/A2)
    (add_net /UnitY/B0)
    (add_net /UnitY/B1)
    (add_net /UnitY/DATA)
    (add_net /UnitY/E0H)
    (add_net /UnitY/E0L)
    (add_net /UnitY/E1H)
    (add_net /UnitY/E1L)
    (add_net /UnitY/E2H)
    (add_net /UnitY/E2L)
    (add_net /UnitY/E3H)
    (add_net /UnitY/E3L)
    (add_net /UnitY/EN)
    (add_net /UnitY/Group0/YH0)
    (add_net /UnitY/Group0/YH1)
    (add_net /UnitY/Group0/YH2)
    (add_net /UnitY/Group0/YH3)
    (add_net /UnitY/Group0/YH4)
    (add_net /UnitY/Group0/YH5)
    (add_net /UnitY/Group0/YH6)
    (add_net /UnitY/Group0/YH7)
    (add_net /UnitY/Group0/YL0)
    (add_net /UnitY/Group0/YL1)
    (add_net /UnitY/Group0/YL2)
    (add_net /UnitY/Group0/YL3)
    (add_net /UnitY/Group0/YL4)
    (add_net /UnitY/Group0/YL5)
    (add_net /UnitY/Group0/YL6)
    (add_net /UnitY/Group0/YL7)
    (add_net /UnitY/Group1/YH0)
    (add_net /UnitY/Group1/YH1)
    (add_net /UnitY/Group1/YH2)
    (add_net /UnitY/Group1/YH3)
    (add_net /UnitY/Group1/YH4)
    (add_net /UnitY/Group1/YH5)
    (add_net /UnitY/Group1/YH6)
    (add_net /UnitY/Group1/YH7)
    (add_net /UnitY/Group1/YL0)
    (add_net /UnitY/Group1/YL1)
    (add_net /UnitY/Group1/YL2)
    (add_net /UnitY/Group1/YL3)
    (add_net /UnitY/Group1/YL4)
    (add_net /UnitY/Group1/YL5)
    (add_net /UnitY/Group1/YL6)
    (add_net /UnitY/Group1/YL7)
    (add_net /UnitY/Group2/YH0)
    (add_net /UnitY/Group2/YH1)
    (add_net /UnitY/Group2/YH2)
    (add_net /UnitY/Group2/YH3)
    (add_net /UnitY/Group2/YH4)
    (add_net /UnitY/Group2/YH5)
    (add_net /UnitY/Group2/YH6)
    (add_net /UnitY/Group2/YH7)
    (add_net /UnitY/Group2/YL0)
    (add_net /UnitY/Group2/YL1)
    (add_net /UnitY/Group2/YL2)
    (add_net /UnitY/Group2/YL3)
    (add_net /UnitY/Group2/YL4)
    (add_net /UnitY/Group2/YL5)
    (add_net /UnitY/Group2/YL6)
    (add_net /UnitY/Group2/YL7)
    (add_net /UnitY/Group3/YH0)
    (add_net /UnitY/Group3/YH1)
    (add_net /UnitY/Group3/YH2)
    (add_net /UnitY/Group3/YH3)
    (add_net /UnitY/Group3/YH4)
    (add_net /UnitY/Group3/YH5)
    (add_net /UnitY/Group3/YH6)
    (add_net /UnitY/Group3/YH7)
    (add_net /UnitY/Group3/YL0)
    (add_net /UnitY/Group3/YL1)
    (add_net /UnitY/Group3/YL2)
    (add_net /UnitY/Group3/YL3)
    (add_net /UnitY/Group3/YL4)
    (add_net /UnitY/Group3/YL5)
    (add_net /UnitY/Group3/YL6)
    (add_net /UnitY/Group3/YL7)
    (add_net "Net-(BRDIC1-Pad11)")
    (add_net "Net-(BRDIC1-Pad14)")
    (add_net "Net-(BRDIC1-Pad2)")
    (add_net "Net-(BRDIC1-Pad31)")
    (add_net "Net-(BRDIC1-Pad33)")
    (add_net "Net-(BRDIC1-Pad34)")
    (add_net "Net-(BROSE20-Pad17)")
    (add_net "Net-(BROSE20-Pad18)")
    (add_net "Net-(BROSE20-Pad19)")
    (add_net "Net-(BROSE20-Pad20)")
    (add_net "Net-(BROSE34-Pad1)")
    (add_net "Net-(BROSE34-Pad10)")
    (add_net "Net-(BROSE34-Pad11)")
    (add_net "Net-(BROSE34-Pad12)")
    (add_net "Net-(BROSE34-Pad13)")
    (add_net "Net-(BROSE34-Pad14)")
    (add_net "Net-(BROSE34-Pad15)")
    (add_net "Net-(BROSE34-Pad16)")
    (add_net "Net-(BROSE34-Pad17)")
    (add_net "Net-(BROSE34-Pad18)")
    (add_net "Net-(BROSE34-Pad2)")
    (add_net "Net-(BROSE34-Pad3)")
    (add_net "Net-(BROSE34-Pad33)")
    (add_net "Net-(BROSE34-Pad34)")
    (add_net "Net-(BROSE34-Pad4)")
    (add_net "Net-(BROSE34-Pad5)")
    (add_net "Net-(BROSE34-Pad6)")
    (add_net "Net-(BROSE34-Pad7)")
    (add_net "Net-(BROSE34-Pad8)")
    (add_net "Net-(BROSE34-Pad9)")
    (add_net "Net-(BROSE60-Pad41)")
    (add_net "Net-(BROSE60-Pad42)")
    (add_net "Net-(BROSE60-Pad43)")
    (add_net "Net-(BROSE60-Pad44)")
    (add_net "Net-(BROSE60-Pad45)")
    (add_net "Net-(BROSE60-Pad46)")
    (add_net "Net-(BROSE60-Pad47)")
    (add_net "Net-(BROSE60-Pad48)")
    (add_net "Net-(BROSE60-Pad49)")
    (add_net "Net-(BROSE60-Pad50)")
    (add_net "Net-(BROSE60-Pad51)")
    (add_net "Net-(BROSE60-Pad52)")
    (add_net "Net-(BROSE60-Pad53)")
    (add_net "Net-(BROSE60-Pad54)")
    (add_net "Net-(BROSE60-Pad55)")
    (add_net "Net-(BROSE60-Pad56)")
    (add_net "Net-(BROSE60-Pad57)")
    (add_net "Net-(BROSE60-Pad58)")
    (add_net "Net-(BROSE60-Pad59)")
    (add_net "Net-(BROSE60-Pad60)")
    (add_net VCC)
  )

  (net_class DrivingCurrent ""
    (clearance 0.2)
    (trace_width 0.5)
    (via_dia 0.8)
    (via_drill 0.4)
    (uvia_dia 0.3)
    (uvia_drill 0.1)
    (add_net +24V)
    (add_net /SY1)
    (add_net /SY10)
    (add_net /SY11)
    (add_net /SY12)
    (add_net /SY13)
    (add_net /SY14)
    (add_net /SY15)
    (add_net /SY16)
    (add_net /SY17)
    (add_net /SY18)
    (add_net /SY19)
    (add_net /SY2)
    (add_net /SY20)
    (add_net /SY21)
    (add_net /SY22)
    (add_net /SY23)
    (add_net /SY24)
    (add_net /SY25)
    (add_net /SY26)
    (add_net /SY27)
    (add_net /SY28)
    (add_net /SY3)
    (add_net /SY4)
    (add_net /SY5)
    (add_net /SY6)
    (add_net /SY7)
    (add_net /SY8)
    (add_net /SY9)
    (add_net /X1)
    (add_net /X10)
    (add_net /X11)
    (add_net /X12)
    (add_net /X13)
    (add_net /X14)
    (add_net /X15)
    (add_net /X16)
    (add_net /X17)
    (add_net /X18)
    (add_net /X19)
    (add_net /X2)
    (add_net /X20)
    (add_net /X21)
    (add_net /X22)
    (add_net /X23)
    (add_net /X24)
    (add_net /X25)
    (add_net /X26)
    (add_net /X27)
    (add_net /X28)
    (add_net /X3)
    (add_net /X4)
    (add_net /X5)
    (add_net /X6)
    (add_net /X7)
    (add_net /X8)
    (add_net /X9)
    (add_net GND)
  )

  (module Capacitors_SMD:C_0805_HandSoldering (layer F.Cu) (tedit 58AA84A8) (tstamp 5C4D2EAE)
    (at 88.9 141.605 90)
    (descr "Capacitor SMD 0805, hand soldering")
    (tags "capacitor 0805")
    (path /5C4DA960/5C4DAB40)
    (attr smd)
    (fp_text reference C701 (at 0 -1.75 90) (layer F.SilkS)
      (effects (font (size 1 1) (thickness 0.15)))
    )
    (fp_text value 0μ1 (at 0 1.75 90) (layer F.Fab)
      (effects (font (size 1 1) (thickness 0.15)))
    )
    (fp_text user %R (at 0 -1.75 90) (layer F.Fab)
      (effects (font (size 1 1) (thickness 0.15)))
    )
    (fp_line (start -1 0.62) (end -1 -0.62) (layer F.Fab) (width 0.1))
    (fp_line (start 1 0.62) (end -1 0.62) (layer F.Fab) (width 0.1))
    (fp_line (start 1 -0.62) (end 1 0.62) (layer F.Fab) (width 0.1))
    (fp_line (start -1 -0.62) (end 1 -0.62) (layer F.Fab) (width 0.1))
    (fp_line (start 0.5 -0.85) (end -0.5 -0.85) (layer F.SilkS) (width 0.12))
    (fp_line (start -0.5 0.85) (end 0.5 0.85) (layer F.SilkS) (width 0.12))
    (fp_line (start -2.25 -0.88) (end 2.25 -0.88) (layer F.CrtYd) (width 0.05))
    (fp_line (start -2.25 -0.88) (end -2.25 0.87) (layer F.CrtYd) (width 0.05))
    (fp_line (start 2.25 0.87) (end 2.25 -0.88) (layer F.CrtYd) (width 0.05))
    (fp_line (start 2.25 0.87) (end -2.25 0.87) (layer F.CrtYd) (width 0.05))
    (pad 1 smd rect (at -1.25 0 90) (size 1.5 1.25) (layers F.Cu F.Paste F.Mask)
      (net 57 VCC))
    (pad 2 smd rect (at 1.25 0 90) (size 1.5 1.25) (layers F.Cu F.Paste F.Mask)
      (net 58 GND))
    (model Capacitors_SMD.3dshapes/C_0805.wrl
      (at (xyz 0 0 0))
      (scale (xyz 1 1 1))
      (rotate (xyz 0 0 0))
    )
  )

  (module Capacitors_SMD:C_0805_HandSoldering (layer F.Cu) (tedit 58AA84A8) (tstamp 5C4D2EBF)
    (at 89.535 131.445 180)
    (descr "Capacitor SMD 0805, hand soldering")
    (tags "capacitor 0805")
    (path /5C4DA960/5C4DAA7A/5C4F6885)
    (attr smd)
    (fp_text reference C801 (at 0 -1.75 180) (layer F.SilkS)
      (effects (font (size 1 1) (thickness 0.15)))
    )
    (fp_text value 0μ1 (at 0 1.75 180) (layer F.Fab)
      (effects (font (size 1 1) (thickness 0.15)))
    )
    (fp_text user %R (at 0 -1.75 180) (layer F.Fab)
      (effects (font (size 1 1) (thickness 0.15)))
    )
    (fp_line (start -1 0.62) (end -1 -0.62) (layer F.Fab) (width 0.1))
    (fp_line (start 1 0.62) (end -1 0.62) (layer F.Fab) (width 0.1))
    (fp_line (start 1 -0.62) (end 1 0.62) (layer F.Fab) (width 0.1))
    (fp_line (start -1 -0.62) (end 1 -0.62) (layer F.Fab) (width 0.1))
    (fp_line (start 0.5 -0.85) (end -0.5 -0.85) (layer F.SilkS) (width 0.12))
    (fp_line (start -0.5 0.85) (end 0.5 0.85) (layer F.SilkS) (width 0.12))
    (fp_line (start -2.25 -0.88) (end 2.25 -0.88) (layer F.CrtYd) (width 0.05))
    (fp_line (start -2.25 -0.88) (end -2.25 0.87) (layer F.CrtYd) (width 0.05))
    (fp_line (start 2.25 0.87) (end 2.25 -0.88) (layer F.CrtYd) (width 0.05))
    (fp_line (start 2.25 0.87) (end -2.25 0.87) (layer F.CrtYd) (width 0.05))
    (pad 1 smd rect (at -1.25 0 180) (size 1.5 1.25) (layers F.Cu F.Paste F.Mask)
      (net 57 VCC))
    (pad 2 smd rect (at 1.25 0 180) (size 1.5 1.25) (layers F.Cu F.Paste F.Mask)
      (net 58 GND))
    (model Capacitors_SMD.3dshapes/C_0805.wrl
      (at (xyz 0 0 0))
      (scale (xyz 1 1 1))
      (rotate (xyz 0 0 0))
    )
  )

  (module Capacitors_SMD:C_0805_HandSoldering (layer F.Cu) (tedit 58AA84A8) (tstamp 5C4D2ED0)
    (at 53.34 131.445 180)
    (descr "Capacitor SMD 0805, hand soldering")
    (tags "capacitor 0805")
    (path /5C4DA960/5C4DAA7A/5C4F67EE)
    (attr smd)
    (fp_text reference C802 (at 0 -1.75 180) (layer F.SilkS)
      (effects (font (size 1 1) (thickness 0.15)))
    )
    (fp_text value 0μ1 (at 0 1.75 180) (layer F.Fab)
      (effects (font (size 1 1) (thickness 0.15)))
    )
    (fp_line (start 2.25 0.87) (end -2.25 0.87) (layer F.CrtYd) (width 0.05))
    (fp_line (start 2.25 0.87) (end 2.25 -0.88) (layer F.CrtYd) (width 0.05))
    (fp_line (start -2.25 -0.88) (end -2.25 0.87) (layer F.CrtYd) (width 0.05))
    (fp_line (start -2.25 -0.88) (end 2.25 -0.88) (layer F.CrtYd) (width 0.05))
    (fp_line (start -0.5 0.85) (end 0.5 0.85) (layer F.SilkS) (width 0.12))
    (fp_line (start 0.5 -0.85) (end -0.5 -0.85) (layer F.SilkS) (width 0.12))
    (fp_line (start -1 -0.62) (end 1 -0.62) (layer F.Fab) (width 0.1))
    (fp_line (start 1 -0.62) (end 1 0.62) (layer F.Fab) (width 0.1))
    (fp_line (start 1 0.62) (end -1 0.62) (layer F.Fab) (width 0.1))
    (fp_line (start -1 0.62) (end -1 -0.62) (layer F.Fab) (width 0.1))
    (fp_text user %R (at 0 -1.75 180) (layer F.Fab)
      (effects (font (size 1 1) (thickness 0.15)))
    )
    (pad 2 smd rect (at 1.25 0 180) (size 1.5 1.25) (layers F.Cu F.Paste F.Mask)
      (net 58 GND))
    (pad 1 smd rect (at -1.25 0 180) (size 1.5 1.25) (layers F.Cu F.Paste F.Mask)
      (net 57 VCC))
    (model Capacitors_SMD.3dshapes/C_0805.wrl
      (at (xyz 0 0 0))
      (scale (xyz 1 1 1))
      (rotate (xyz 0 0 0))
    )
  )

  (module Capacitors_SMD:C_0805_HandSoldering (layer F.Cu) (tedit 58AA84A8) (tstamp 5C4D2EE1)
    (at 100.965 131.445 180)
    (descr "Capacitor SMD 0805, hand soldering")
    (tags "capacitor 0805")
    (path /5C4DA960/5C4DAA91/5C4F6885)
    (attr smd)
    (fp_text reference C901 (at 0 -1.75 180) (layer F.SilkS)
      (effects (font (size 1 1) (thickness 0.15)))
    )
    (fp_text value 0μ1 (at 0 1.75 180) (layer F.Fab)
      (effects (font (size 1 1) (thickness 0.15)))
    )
    (fp_line (start 2.25 0.87) (end -2.25 0.87) (layer F.CrtYd) (width 0.05))
    (fp_line (start 2.25 0.87) (end 2.25 -0.88) (layer F.CrtYd) (width 0.05))
    (fp_line (start -2.25 -0.88) (end -2.25 0.87) (layer F.CrtYd) (width 0.05))
    (fp_line (start -2.25 -0.88) (end 2.25 -0.88) (layer F.CrtYd) (width 0.05))
    (fp_line (start -0.5 0.85) (end 0.5 0.85) (layer F.SilkS) (width 0.12))
    (fp_line (start 0.5 -0.85) (end -0.5 -0.85) (layer F.SilkS) (width 0.12))
    (fp_line (start -1 -0.62) (end 1 -0.62) (layer F.Fab) (width 0.1))
    (fp_line (start 1 -0.62) (end 1 0.62) (layer F.Fab) (width 0.1))
    (fp_line (start 1 0.62) (end -1 0.62) (layer F.Fab) (width 0.1))
    (fp_line (start -1 0.62) (end -1 -0.62) (layer F.Fab) (width 0.1))
    (fp_text user %R (at 0 -1.75 180) (layer F.Fab)
      (effects (font (size 1 1) (thickness 0.15)))
    )
    (pad 2 smd rect (at 1.25 0 180) (size 1.5 1.25) (layers F.Cu F.Paste F.Mask)
      (net 58 GND))
    (pad 1 smd rect (at -1.25 0 180) (size 1.5 1.25) (layers F.Cu F.Paste F.Mask)
      (net 57 VCC))
    (model Capacitors_SMD.3dshapes/C_0805.wrl
      (at (xyz 0 0 0))
      (scale (xyz 1 1 1))
      (rotate (xyz 0 0 0))
    )
  )

  (module Capacitors_SMD:C_0805_HandSoldering (layer F.Cu) (tedit 58AA84A8) (tstamp 5C4D2EF2)
    (at 64.77 131.445 180)
    (descr "Capacitor SMD 0805, hand soldering")
    (tags "capacitor 0805")
    (path /5C4DA960/5C4DAA91/5C4F67EE)
    (attr smd)
    (fp_text reference C902 (at 0 -1.75 180) (layer F.SilkS)
      (effects (font (size 1 1) (thickness 0.15)))
    )
    (fp_text value 0μ1 (at 0 1.75 180) (layer F.Fab)
      (effects (font (size 1 1) (thickness 0.15)))
    )
    (fp_line (start 2.25 0.87) (end -2.25 0.87) (layer F.CrtYd) (width 0.05))
    (fp_line (start 2.25 0.87) (end 2.25 -0.88) (layer F.CrtYd) (width 0.05))
    (fp_line (start -2.25 -0.88) (end -2.25 0.87) (layer F.CrtYd) (width 0.05))
    (fp_line (start -2.25 -0.88) (end 2.25 -0.88) (layer F.CrtYd) (width 0.05))
    (fp_line (start -0.5 0.85) (end 0.5 0.85) (layer F.SilkS) (width 0.12))
    (fp_line (start 0.5 -0.85) (end -0.5 -0.85) (layer F.SilkS) (width 0.12))
    (fp_line (start -1 -0.62) (end 1 -0.62) (layer F.Fab) (width 0.1))
    (fp_line (start 1 -0.62) (end 1 0.62) (layer F.Fab) (width 0.1))
    (fp_line (start 1 0.62) (end -1 0.62) (layer F.Fab) (width 0.1))
    (fp_line (start -1 0.62) (end -1 -0.62) (layer F.Fab) (width 0.1))
    (fp_text user %R (at 0 -1.75 180) (layer F.Fab)
      (effects (font (size 1 1) (thickness 0.15)))
    )
    (pad 2 smd rect (at 1.25 0 180) (size 1.5 1.25) (layers F.Cu F.Paste F.Mask)
      (net 58 GND))
    (pad 1 smd rect (at -1.25 0 180) (size 1.5 1.25) (layers F.Cu F.Paste F.Mask)
      (net 57 VCC))
    (model Capacitors_SMD.3dshapes/C_0805.wrl
      (at (xyz 0 0 0))
      (scale (xyz 1 1 1))
      (rotate (xyz 0 0 0))
    )
  )

  (module Capacitors_SMD:C_0805_HandSoldering (layer F.Cu) (tedit 58AA84A8) (tstamp 5C4D2F03)
    (at 113.03 131.445 180)
    (descr "Capacitor SMD 0805, hand soldering")
    (tags "capacitor 0805")
    (path /5C4DA960/5C4DAAA8/5C4F6885)
    (attr smd)
    (fp_text reference C1001 (at 0 -1.75 180) (layer F.SilkS)
      (effects (font (size 1 1) (thickness 0.15)))
    )
    (fp_text value 0μ1 (at 0 1.75 180) (layer F.Fab)
      (effects (font (size 1 1) (thickness 0.15)))
    )
    (fp_text user %R (at 0 -1.75 180) (layer F.Fab)
      (effects (font (size 1 1) (thickness 0.15)))
    )
    (fp_line (start -1 0.62) (end -1 -0.62) (layer F.Fab) (width 0.1))
    (fp_line (start 1 0.62) (end -1 0.62) (layer F.Fab) (width 0.1))
    (fp_line (start 1 -0.62) (end 1 0.62) (layer F.Fab) (width 0.1))
    (fp_line (start -1 -0.62) (end 1 -0.62) (layer F.Fab) (width 0.1))
    (fp_line (start 0.5 -0.85) (end -0.5 -0.85) (layer F.SilkS) (width 0.12))
    (fp_line (start -0.5 0.85) (end 0.5 0.85) (layer F.SilkS) (width 0.12))
    (fp_line (start -2.25 -0.88) (end 2.25 -0.88) (layer F.CrtYd) (width 0.05))
    (fp_line (start -2.25 -0.88) (end -2.25 0.87) (layer F.CrtYd) (width 0.05))
    (fp_line (start 2.25 0.87) (end 2.25 -0.88) (layer F.CrtYd) (width 0.05))
    (fp_line (start 2.25 0.87) (end -2.25 0.87) (layer F.CrtYd) (width 0.05))
    (pad 1 smd rect (at -1.25 0 180) (size 1.5 1.25) (layers F.Cu F.Paste F.Mask)
      (net 57 VCC))
    (pad 2 smd rect (at 1.25 0 180) (size 1.5 1.25) (layers F.Cu F.Paste F.Mask)
      (net 58 GND))
    (model Capacitors_SMD.3dshapes/C_0805.wrl
      (at (xyz 0 0 0))
      (scale (xyz 1 1 1))
      (rotate (xyz 0 0 0))
    )
  )

  (module Capacitors_SMD:C_0805_HandSoldering (layer F.Cu) (tedit 58AA84A8) (tstamp 5C4D2F14)
    (at 76.2 131.445 180)
    (descr "Capacitor SMD 0805, hand soldering")
    (tags "capacitor 0805")
    (path /5C4DA960/5C4DAAA8/5C4F67EE)
    (attr smd)
    (fp_text reference C1002 (at 0 -1.75 180) (layer F.SilkS)
      (effects (font (size 1 1) (thickness 0.15)))
    )
    (fp_text value 0μ1 (at 0 1.75 180) (layer F.Fab)
      (effects (font (size 1 1) (thickness 0.15)))
    )
    (fp_line (start 2.25 0.87) (end -2.25 0.87) (layer F.CrtYd) (width 0.05))
    (fp_line (start 2.25 0.87) (end 2.25 -0.88) (layer F.CrtYd) (width 0.05))
    (fp_line (start -2.25 -0.88) (end -2.25 0.87) (layer F.CrtYd) (width 0.05))
    (fp_line (start -2.25 -0.88) (end 2.25 -0.88) (layer F.CrtYd) (width 0.05))
    (fp_line (start -0.5 0.85) (end 0.5 0.85) (layer F.SilkS) (width 0.12))
    (fp_line (start 0.5 -0.85) (end -0.5 -0.85) (layer F.SilkS) (width 0.12))
    (fp_line (start -1 -0.62) (end 1 -0.62) (layer F.Fab) (width 0.1))
    (fp_line (start 1 -0.62) (end 1 0.62) (layer F.Fab) (width 0.1))
    (fp_line (start 1 0.62) (end -1 0.62) (layer F.Fab) (width 0.1))
    (fp_line (start -1 0.62) (end -1 -0.62) (layer F.Fab) (width 0.1))
    (fp_text user %R (at 0 -1.75 180) (layer F.Fab)
      (effects (font (size 1 1) (thickness 0.15)))
    )
    (pad 2 smd rect (at 1.25 0 180) (size 1.5 1.25) (layers F.Cu F.Paste F.Mask)
      (net 58 GND))
    (pad 1 smd rect (at -1.25 0 180) (size 1.5 1.25) (layers F.Cu F.Paste F.Mask)
      (net 57 VCC))
    (model Capacitors_SMD.3dshapes/C_0805.wrl
      (at (xyz 0 0 0))
      (scale (xyz 1 1 1))
      (rotate (xyz 0 0 0))
    )
  )

  (module Capacitors_SMD:C_0805_HandSoldering (layer F.Cu) (tedit 58AA84A8) (tstamp 5C4D2F25)
    (at 137.795 131.445 180)
    (descr "Capacitor SMD 0805, hand soldering")
    (tags "capacitor 0805")
    (path /5C4DA960/5C4DAABF/5C4F6885)
    (attr smd)
    (fp_text reference C1101 (at 0 -1.75 180) (layer F.SilkS)
      (effects (font (size 1 1) (thickness 0.15)))
    )
    (fp_text value 0μ1 (at 0 1.75 180) (layer F.Fab)
      (effects (font (size 1 1) (thickness 0.15)))
    )
    (fp_text user %R (at 0 -1.75 180) (layer F.Fab)
      (effects (font (size 1 1) (thickness 0.15)))
    )
    (fp_line (start -1 0.62) (end -1 -0.62) (layer F.Fab) (width 0.1))
    (fp_line (start 1 0.62) (end -1 0.62) (layer F.Fab) (width 0.1))
    (fp_line (start 1 -0.62) (end 1 0.62) (layer F.Fab) (width 0.1))
    (fp_line (start -1 -0.62) (end 1 -0.62) (layer F.Fab) (width 0.1))
    (fp_line (start 0.5 -0.85) (end -0.5 -0.85) (layer F.SilkS) (width 0.12))
    (fp_line (start -0.5 0.85) (end 0.5 0.85) (layer F.SilkS) (width 0.12))
    (fp_line (start -2.25 -0.88) (end 2.25 -0.88) (layer F.CrtYd) (width 0.05))
    (fp_line (start -2.25 -0.88) (end -2.25 0.87) (layer F.CrtYd) (width 0.05))
    (fp_line (start 2.25 0.87) (end 2.25 -0.88) (layer F.CrtYd) (width 0.05))
    (fp_line (start 2.25 0.87) (end -2.25 0.87) (layer F.CrtYd) (width 0.05))
    (pad 1 smd rect (at -1.25 0 180) (size 1.5 1.25) (layers F.Cu F.Paste F.Mask)
      (net 57 VCC))
    (pad 2 smd rect (at 1.25 0 180) (size 1.5 1.25) (layers F.Cu F.Paste F.Mask)
      (net 58 GND))
    (model Capacitors_SMD.3dshapes/C_0805.wrl
      (at (xyz 0 0 0))
      (scale (xyz 1 1 1))
      (rotate (xyz 0 0 0))
    )
  )

  (module Capacitors_SMD:C_0805_HandSoldering (layer F.Cu) (tedit 58AA84A8) (tstamp 5C4D2F36)
    (at 127 131.445 180)
    (descr "Capacitor SMD 0805, hand soldering")
    (tags "capacitor 0805")
    (path /5C4DA960/5C4DAABF/5C4F67EE)
    (attr smd)
    (fp_text reference C1102 (at 0 -1.75 180) (layer F.SilkS)
      (effects (font (size 1 1) (thickness 0.15)))
    )
    (fp_text value 0μ1 (at 0 1.75 180) (layer F.Fab)
      (effects (font (size 1 1) (thickness 0.15)))
    )
    (fp_line (start 2.25 0.87) (end -2.25 0.87) (layer F.CrtYd) (width 0.05))
    (fp_line (start 2.25 0.87) (end 2.25 -0.88) (layer F.CrtYd) (width 0.05))
    (fp_line (start -2.25 -0.88) (end -2.25 0.87) (layer F.CrtYd) (width 0.05))
    (fp_line (start -2.25 -0.88) (end 2.25 -0.88) (layer F.CrtYd) (width 0.05))
    (fp_line (start -0.5 0.85) (end 0.5 0.85) (layer F.SilkS) (width 0.12))
    (fp_line (start 0.5 -0.85) (end -0.5 -0.85) (layer F.SilkS) (width 0.12))
    (fp_line (start -1 -0.62) (end 1 -0.62) (layer F.Fab) (width 0.1))
    (fp_line (start 1 -0.62) (end 1 0.62) (layer F.Fab) (width 0.1))
    (fp_line (start 1 0.62) (end -1 0.62) (layer F.Fab) (width 0.1))
    (fp_line (start -1 0.62) (end -1 -0.62) (layer F.Fab) (width 0.1))
    (fp_text user %R (at 0 -1.75 180) (layer F.Fab)
      (effects (font (size 1 1) (thickness 0.15)))
    )
    (pad 2 smd rect (at 1.25 0 180) (size 1.5 1.25) (layers F.Cu F.Paste F.Mask)
      (net 58 GND))
    (pad 1 smd rect (at -1.25 0 180) (size 1.5 1.25) (layers F.Cu F.Paste F.Mask)
      (net 57 VCC))
    (model Capacitors_SMD.3dshapes/C_0805.wrl
      (at (xyz 0 0 0))
      (scale (xyz 1 1 1))
      (rotate (xyz 0 0 0))
    )
  )

  (module Housings_DIP:DIP-18_W7.62mm_Socket (layer B.Cu) (tedit 5C4CF046) (tstamp 5C4D325B)
    (at 99.06 108.585 180)
    (descr "18-lead though-hole mounted DIP package, row spacing 7.62 mm (300 mils), Socket")
    (tags "THT DIP DIL PDIP 2.54mm 7.62mm 300mil Socket")
    (path /5C4DA960/5C4DAA7A/5C4E1AEA)
    (fp_text reference U802 (at 3.81 2.33 180) (layer B.SilkS)
      (effects (font (size 1 1) (thickness 0.15)) (justify mirror))
    )
    (fp_text value ULN2803A (at 3.81 -22.65 180) (layer B.Fab)
      (effects (font (size 1 1) (thickness 0.15)) (justify mirror))
    )
    (fp_arc (start 3.81 1.33) (end 2.81 1.33) (angle 180) (layer B.SilkS) (width 0.12))
    (fp_line (start 1.635 1.27) (end 6.985 1.27) (layer B.Fab) (width 0.1))
    (fp_line (start 6.985 1.27) (end 6.985 -21.59) (layer B.Fab) (width 0.1))
    (fp_line (start 6.985 -21.59) (end 0.635 -21.59) (layer B.Fab) (width 0.1))
    (fp_line (start 0.635 -21.59) (end 0.635 0.27) (layer B.Fab) (width 0.1))
    (fp_line (start 0.635 0.27) (end 1.635 1.27) (layer B.Fab) (width 0.1))
    (fp_line (start -1.27 1.33) (end -1.27 -21.65) (layer B.Fab) (width 0.1))
    (fp_line (start -1.27 -21.65) (end 8.89 -21.65) (layer B.Fab) (width 0.1))
    (fp_line (start 8.89 -21.65) (end 8.89 1.33) (layer B.Fab) (width 0.1))
    (fp_line (start 8.89 1.33) (end -1.27 1.33) (layer B.Fab) (width 0.1))
    (fp_line (start 2.81 1.33) (end 1.16 1.33) (layer B.SilkS) (width 0.12))
    (fp_line (start 1.16 1.33) (end 1.16 -21.65) (layer B.SilkS) (width 0.12))
    (fp_line (start 1.16 -21.65) (end 6.46 -21.65) (layer B.SilkS) (width 0.12))
    (fp_line (start 6.46 -21.65) (end 6.46 1.33) (layer B.SilkS) (width 0.12))
    (fp_line (start 6.46 1.33) (end 4.81 1.33) (layer B.SilkS) (width 0.12))
    (fp_line (start -1.33 1.39) (end -1.33 -21.71) (layer B.SilkS) (width 0.12))
    (fp_line (start -1.33 -21.71) (end 8.95 -21.71) (layer B.SilkS) (width 0.12))
    (fp_line (start 8.95 -21.71) (end 8.95 1.39) (layer B.SilkS) (width 0.12))
    (fp_line (start 8.95 1.39) (end -1.33 1.39) (layer B.SilkS) (width 0.12))
    (fp_line (start -1.55 1.6) (end -1.55 -21.9) (layer B.CrtYd) (width 0.05))
    (fp_line (start -1.55 -21.9) (end 9.15 -21.9) (layer B.CrtYd) (width 0.05))
    (fp_line (start 9.15 -21.9) (end 9.15 1.6) (layer B.CrtYd) (width 0.05))
    (fp_line (start 9.15 1.6) (end -1.55 1.6) (layer B.CrtYd) (width 0.05))
    (fp_text user %R (at 3.81 -10.16) (layer B.Fab)
      (effects (font (size 1 1) (thickness 0.15)) (justify mirror))
    )
    (pad 1 thru_hole rect (at 0 0 180) (size 1.6 1.6) (drill 0.8) (layers *.Cu *.Mask)
      (net 90 /UnitY/Group0/YL0))
    (pad 10 thru_hole oval (at 7.62 -20.32 180) (size 1.6 1.6) (drill 0.8) (layers *.Cu *.Mask)
      (net 59 +24V))
    (pad 2 thru_hole oval (at 0 -2.54 180) (size 1.6 1.6) (drill 0.8) (layers *.Cu *.Mask)
      (net 89 /UnitY/Group0/YL1))
    (pad 11 thru_hole oval (at 7.62 -17.78 180) (size 1.6 1.6) (drill 0.8) (layers *.Cu *.Mask)
      (net 17 /X7))
    (pad 3 thru_hole oval (at 0 -5.08 180) (size 1.6 1.6) (drill 0.8) (layers *.Cu *.Mask)
      (net 88 /UnitY/Group0/YL2))
    (pad 12 thru_hole oval (at 7.62 -15.24 180) (size 1.6 1.6) (drill 0.8) (layers *.Cu *.Mask)
      (net 21 /X6))
    (pad 4 thru_hole oval (at 0 -7.62 180) (size 1.6 1.6) (drill 0.8) (layers *.Cu *.Mask)
      (net 87 /UnitY/Group0/YL3))
    (pad 13 thru_hole oval (at 7.62 -12.7 180) (size 1.6 1.6) (drill 0.8) (layers *.Cu *.Mask)
      (net 19 /X5))
    (pad 5 thru_hole oval (at 0 -10.16 180) (size 1.6 1.6) (drill 0.8) (layers *.Cu *.Mask)
      (net 86 /UnitY/Group0/YL4))
    (pad 14 thru_hole oval (at 7.62 -10.16 180) (size 1.6 1.6) (drill 0.8) (layers *.Cu *.Mask)
      (net 23 /X4))
    (pad 6 thru_hole oval (at 0 -12.7 180) (size 1.6 1.6) (drill 0.8) (layers *.Cu *.Mask)
      (net 85 /UnitY/Group0/YL5))
    (pad 15 thru_hole oval (at 7.62 -7.62 180) (size 1.6 1.6) (drill 0.8) (layers *.Cu *.Mask)
      (net 25 /X3))
    (pad 7 thru_hole oval (at 0 -15.24 180) (size 1.6 1.6) (drill 0.8) (layers *.Cu *.Mask)
      (net 84 /UnitY/Group0/YL6))
    (pad 16 thru_hole oval (at 7.62 -5.08 180) (size 1.6 1.6) (drill 0.8) (layers *.Cu *.Mask)
      (net 27 /X2))
    (pad 8 thru_hole oval (at 0 -17.78 180) (size 1.6 1.6) (drill 0.8) (layers *.Cu *.Mask)
      (net 83 /UnitY/Group0/YL7))
    (pad 17 thru_hole oval (at 7.62 -2.54 180) (size 1.6 1.6) (drill 0.8) (layers *.Cu *.Mask)
      (net 28 /X1))
    (pad 9 thru_hole oval (at 0 -20.32 180) (size 1.6 1.6) (drill 0.8) (layers *.Cu *.Mask)
      (net 58 GND))
    (pad 18 thru_hole oval (at 7.62 0 180) (size 1.6 1.6) (drill 0.8) (layers *.Cu *.Mask)
      (net 67 /UnitY/00L))
    (model ${KISYS3DMOD}/Package_DIP.3dshapes/DIP-18_W7.62mm.step
      (offset (xyz 0 0 2.539999961853027))
      (scale (xyz 1 1 1))
      (rotate (xyz 0 0 0))
    )
    (model ${KISYS3DMOD}/Socket_Strips.3dshapes/Socket_Strip_Straight_1x09_Pitch2.54mm.wrl
      (offset (xyz 0 -10.15999984741211 0))
      (scale (xyz 1 1 0.3))
      (rotate (xyz 0 0 90))
    )
    (model ${KISYS3DMOD}/Socket_Strips.3dshapes/Socket_Strip_Straight_1x09_Pitch2.54mm.wrl
      (offset (xyz 7.619999885559082 -10.15999984741211 0))
      (scale (xyz 1 1 0.3))
      (rotate (xyz 0 0 90))
    )
  )

  (module Housings_DIP:DIP-18_W7.62mm_Socket (layer B.Cu) (tedit 59C78D6B) (tstamp 5C4D32A4)
    (at 62.23 108.585 180)
    (descr "18-lead though-hole mounted DIP package, row spacing 7.62 mm (300 mils), Socket")
    (tags "THT DIP DIL PDIP 2.54mm 7.62mm 300mil Socket")
    (path /5C4DA960/5C4DAA7A/5C4CE34D)
    (fp_text reference U804 (at 3.81 2.33 180) (layer B.SilkS)
      (effects (font (size 1 1) (thickness 0.15)) (justify mirror))
    )
    (fp_text value TBD62783A (at 3.81 -22.65 180) (layer B.Fab)
      (effects (font (size 1 1) (thickness 0.15)) (justify mirror))
    )
    (fp_arc (start 3.81 1.33) (end 2.81 1.33) (angle 180) (layer B.SilkS) (width 0.12))
    (fp_line (start 1.635 1.27) (end 6.985 1.27) (layer B.Fab) (width 0.1))
    (fp_line (start 6.985 1.27) (end 6.985 -21.59) (layer B.Fab) (width 0.1))
    (fp_line (start 6.985 -21.59) (end 0.635 -21.59) (layer B.Fab) (width 0.1))
    (fp_line (start 0.635 -21.59) (end 0.635 0.27) (layer B.Fab) (width 0.1))
    (fp_line (start 0.635 0.27) (end 1.635 1.27) (layer B.Fab) (width 0.1))
    (fp_line (start -1.27 1.33) (end -1.27 -21.65) (layer B.Fab) (width 0.1))
    (fp_line (start -1.27 -21.65) (end 8.89 -21.65) (layer B.Fab) (width 0.1))
    (fp_line (start 8.89 -21.65) (end 8.89 1.33) (layer B.Fab) (width 0.1))
    (fp_line (start 8.89 1.33) (end -1.27 1.33) (layer B.Fab) (width 0.1))
    (fp_line (start 2.81 1.33) (end 1.16 1.33) (layer B.SilkS) (width 0.12))
    (fp_line (start 1.16 1.33) (end 1.16 -21.65) (layer B.SilkS) (width 0.12))
    (fp_line (start 1.16 -21.65) (end 6.46 -21.65) (layer B.SilkS) (width 0.12))
    (fp_line (start 6.46 -21.65) (end 6.46 1.33) (layer B.SilkS) (width 0.12))
    (fp_line (start 6.46 1.33) (end 4.81 1.33) (layer B.SilkS) (width 0.12))
    (fp_line (start -1.33 1.39) (end -1.33 -21.71) (layer B.SilkS) (width 0.12))
    (fp_line (start -1.33 -21.71) (end 8.95 -21.71) (layer B.SilkS) (width 0.12))
    (fp_line (start 8.95 -21.71) (end 8.95 1.39) (layer B.SilkS) (width 0.12))
    (fp_line (start 8.95 1.39) (end -1.33 1.39) (layer B.SilkS) (width 0.12))
    (fp_line (start -1.55 1.6) (end -1.55 -21.9) (layer B.CrtYd) (width 0.05))
    (fp_line (start -1.55 -21.9) (end 9.15 -21.9) (layer B.CrtYd) (width 0.05))
    (fp_line (start 9.15 -21.9) (end 9.15 1.6) (layer B.CrtYd) (width 0.05))
    (fp_line (start 9.15 1.6) (end -1.55 1.6) (layer B.CrtYd) (width 0.05))
    (fp_text user %R (at 3.81 -10.16 180) (layer B.Fab)
      (effects (font (size 1 1) (thickness 0.15)) (justify mirror))
    )
    (pad 1 thru_hole rect (at 0 0 180) (size 1.6 1.6) (drill 0.8) (layers *.Cu *.Mask)
      (net 91 /UnitY/Group0/YH0))
    (pad 10 thru_hole oval (at 7.62 -20.32 180) (size 1.6 1.6) (drill 0.8) (layers *.Cu *.Mask)
      (net 58 GND))
    (pad 2 thru_hole oval (at 0 -2.54 180) (size 1.6 1.6) (drill 0.8) (layers *.Cu *.Mask)
      (net 92 /UnitY/Group0/YH1))
    (pad 11 thru_hole oval (at 7.62 -17.78 180) (size 1.6 1.6) (drill 0.8) (layers *.Cu *.Mask)
      (net 35 /SY7))
    (pad 3 thru_hole oval (at 0 -5.08 180) (size 1.6 1.6) (drill 0.8) (layers *.Cu *.Mask)
      (net 93 /UnitY/Group0/YH2))
    (pad 12 thru_hole oval (at 7.62 -15.24 180) (size 1.6 1.6) (drill 0.8) (layers *.Cu *.Mask)
      (net 34 /SY6))
    (pad 4 thru_hole oval (at 0 -7.62 180) (size 1.6 1.6) (drill 0.8) (layers *.Cu *.Mask)
      (net 94 /UnitY/Group0/YH3))
    (pad 13 thru_hole oval (at 7.62 -12.7 180) (size 1.6 1.6) (drill 0.8) (layers *.Cu *.Mask)
      (net 33 /SY5))
    (pad 5 thru_hole oval (at 0 -10.16 180) (size 1.6 1.6) (drill 0.8) (layers *.Cu *.Mask)
      (net 95 /UnitY/Group0/YH4))
    (pad 14 thru_hole oval (at 7.62 -10.16 180) (size 1.6 1.6) (drill 0.8) (layers *.Cu *.Mask)
      (net 32 /SY4))
    (pad 6 thru_hole oval (at 0 -12.7 180) (size 1.6 1.6) (drill 0.8) (layers *.Cu *.Mask)
      (net 96 /UnitY/Group0/YH5))
    (pad 15 thru_hole oval (at 7.62 -7.62 180) (size 1.6 1.6) (drill 0.8) (layers *.Cu *.Mask)
      (net 31 /SY3))
    (pad 7 thru_hole oval (at 0 -15.24 180) (size 1.6 1.6) (drill 0.8) (layers *.Cu *.Mask)
      (net 97 /UnitY/Group0/YH6))
    (pad 16 thru_hole oval (at 7.62 -5.08 180) (size 1.6 1.6) (drill 0.8) (layers *.Cu *.Mask)
      (net 30 /SY2))
    (pad 8 thru_hole oval (at 0 -17.78 180) (size 1.6 1.6) (drill 0.8) (layers *.Cu *.Mask)
      (net 98 /UnitY/Group0/YH7))
    (pad 17 thru_hole oval (at 7.62 -2.54 180) (size 1.6 1.6) (drill 0.8) (layers *.Cu *.Mask)
      (net 29 /SY1))
    (pad 9 thru_hole oval (at 0 -20.32 180) (size 1.6 1.6) (drill 0.8) (layers *.Cu *.Mask)
      (net 59 +24V))
    (pad 18 thru_hole oval (at 7.62 0 180) (size 1.6 1.6) (drill 0.8) (layers *.Cu *.Mask)
      (net 68 /UnitY/00H))
    (model ${KISYS3DMOD}/Package_DIP.3dshapes/DIP-18_W7.62mm.step
      (offset (xyz 0 0 2.539999961853027))
      (scale (xyz 1 1 1))
      (rotate (xyz 0 0 0))
    )
    (model ${KISYS3DMOD}/Socket_Strips.3dshapes/Socket_Strip_Straight_1x09_Pitch2.54mm.wrl
      (offset (xyz 0 -10.15999984741211 0))
      (scale (xyz 1 1 0.3))
      (rotate (xyz 0 0 90))
    )
    (model ${KISYS3DMOD}/Socket_Strips.3dshapes/Socket_Strip_Straight_1x09_Pitch2.54mm.wrl
      (offset (xyz 7.619999885559082 -10.15999984741211 0))
      (scale (xyz 1 1 0.3))
      (rotate (xyz 0 0 90))
    )
  )

  (module Housings_DIP:DIP-18_W7.62mm_Socket (layer B.Cu) (tedit 59C78D6B) (tstamp 5C4D32ED)
    (at 110.49 108.585 180)
    (descr "18-lead though-hole mounted DIP package, row spacing 7.62 mm (300 mils), Socket")
    (tags "THT DIP DIL PDIP 2.54mm 7.62mm 300mil Socket")
    (path /5C4DA960/5C4DAA91/5C4E1AEA)
    (fp_text reference U902 (at 3.81 2.33 180) (layer B.SilkS)
      (effects (font (size 1 1) (thickness 0.15)) (justify mirror))
    )
    (fp_text value ULN2803A (at 3.81 -22.65 180) (layer B.Fab)
      (effects (font (size 1 1) (thickness 0.15)) (justify mirror))
    )
    (fp_arc (start 3.81 1.33) (end 2.81 1.33) (angle 180) (layer B.SilkS) (width 0.12))
    (fp_line (start 1.635 1.27) (end 6.985 1.27) (layer B.Fab) (width 0.1))
    (fp_line (start 6.985 1.27) (end 6.985 -21.59) (layer B.Fab) (width 0.1))
    (fp_line (start 6.985 -21.59) (end 0.635 -21.59) (layer B.Fab) (width 0.1))
    (fp_line (start 0.635 -21.59) (end 0.635 0.27) (layer B.Fab) (width 0.1))
    (fp_line (start 0.635 0.27) (end 1.635 1.27) (layer B.Fab) (width 0.1))
    (fp_line (start -1.27 1.33) (end -1.27 -21.65) (layer B.Fab) (width 0.1))
    (fp_line (start -1.27 -21.65) (end 8.89 -21.65) (layer B.Fab) (width 0.1))
    (fp_line (start 8.89 -21.65) (end 8.89 1.33) (layer B.Fab) (width 0.1))
    (fp_line (start 8.89 1.33) (end -1.27 1.33) (layer B.Fab) (width 0.1))
    (fp_line (start 2.81 1.33) (end 1.16 1.33) (layer B.SilkS) (width 0.12))
